2 10 9 30 1
1 3 +0.00000E+000 +0.00000E+000 +0.00000E+000 node #1
2 3 +1.11111E-004 +0.00000E+000 +0.00000E+000 node #2
3 3 +2.22222E-004 +0.00000E+000 +0.00000E+000 node #3
4 3 +3.33333E-004 +0.00000E+000 +0.00000E+000 node #4
5 3 +4.44444E-004 +0.00000E+000 +0.00000E+000 node #5
6 3 +5.55556E-004 +0.00000E+000 +0.00000E+000 node #6
7 3 +6.66667E-004 +0.00000E+000 +0.00000E+000 node #7
8 3 +7.77778E-004 +0.00000E+000 +0.00000E+000 node #8
9 3 +8.88889E-004 +0.00000E+000 +0.00000E+000 node #9
10 3 +1.00000E-003 +0.00000E+000 +0.00000E+000 node #10
1 13 element #1
1 2
2 13 element #2
2 3
3 13 element #3
3 4
4 13 element #4
4 5
5 13 element #5
5 6
6 13 element #6
6 7
7 13 element #7
7 8
8 13 element #8
8 9
9 13 element #9
9 10
