output file Z88O2.TXT: displacements, computed by Z88R V15OS
                       *************
Load case: 1
node           U(1)              U(2)              U(3)              U(4)              U(5)              U(6)

     1    +0.0000000E+00    +0.0000000E+00    +0.0000000E+00
     2    +0.0000000E+00    -3.1753241E-08    -5.4869658E-04
     3    +0.0000000E+00    -1.1685194E-07    -9.6021918E-04
     4    +0.0000000E+00    -2.4005455E-07    -1.2345678E-03
     5    +0.0000000E+00    -3.8611955E-07    -1.3717424E-03
     6    +0.0000000E+00    -5.3980675E-07    -1.3717424E-03
     7    +0.0000000E+00    -6.8587174E-07    -1.2345678E-03
     8    +0.0000000E+00    -8.0907436E-07    -9.6021918E-04
     9    +0.0000000E+00    -8.9417305E-07    -5.4869658E-04
    10    +0.0000000E+00    -9.2592630E-07    +0.0000000E+00
